      0/99     8.02G    0.0559   0.01297         0   0.06887         4       640    0.6697     0.501    0.5256    0.1839   0.05863  0.008832         0
      1/99     10.8G   0.04627   0.01111         0   0.05738         5       640    0.7189    0.4352    0.5703     0.247   0.05583  0.008094         0
      2/99     10.8G   0.04965   0.01107         0   0.06072         6       640 0.0009724    0.2282 0.0002302 4.419e-05    0.1118     1.201         0
      3/99     10.8G   0.05546   0.01121         0   0.06666         4       640    0.1168    0.1451   0.05517   0.01799   0.09038  0.007884         0
      4/99     10.8G   0.05022   0.01121         0   0.06143         4       640    0.5995    0.3127    0.4016    0.2127   0.06216  0.009173         0
      5/99     10.8G   0.04975   0.01127         0   0.06103        10       640     0.343    0.2843    0.2357     0.101    0.1046  0.008485         0
      6/99     10.8G   0.04594   0.01121         0   0.05715         8       640    0.5003    0.3366    0.3779    0.2025   0.08719  0.008216         0
      7/99     10.8G   0.04757   0.01117         0   0.05875         6       640    0.5874    0.4737    0.5316    0.2806   0.07747  0.008246         0
      8/99     10.8G   0.04661   0.01107         0   0.05767         6       640    0.7243    0.5792    0.6506    0.3335   0.07187  0.008291         0
      9/99     10.8G   0.04381   0.01103         0   0.05484         7       640    0.7004    0.5878    0.6799    0.3609   0.07691   0.00807         0
     10/99     10.8G   0.04529   0.01093         0   0.05622         8       640    0.6878    0.5822    0.6096    0.3345   0.06855   0.00814         0
     11/99     10.8G   0.04406   0.01063         0   0.05469         7       640    0.7458    0.6286    0.7067    0.3823   0.07756  0.007588         0
     12/99     10.8G   0.04472   0.01055         0   0.05527         4       640    0.7154    0.6673    0.7252    0.4191   0.07571  0.007464         0
     13/99     10.8G   0.04474   0.01066         0   0.05541        19       640    0.8248    0.6499    0.7667    0.4412   0.06776  0.007449         0
     14/99     10.8G   0.04433   0.01056         0   0.05489         4       640    0.7964     0.648    0.7529     0.434   0.06616  0.007522         0
     15/99     10.8G   0.04272   0.01037         0    0.0531         4       640    0.7825    0.7176    0.7684    0.4486   0.06666  0.007405         0
     16/99     10.8G   0.04428   0.01051         0   0.05479         9       640    0.7782    0.6867    0.7604    0.4419   0.06637  0.007463         0
     17/99     10.8G   0.04291   0.01039         0    0.0533         6       640    0.8421    0.6828    0.7936    0.4719   0.06838  0.007032         0
     18/99     10.8G   0.04394   0.01039         0   0.05434         5       640    0.7826    0.6015    0.7066    0.3925   0.06263  0.007638         0
     19/99     10.8G   0.04153    0.0103         0   0.05183         4       640    0.8222    0.7693    0.8213    0.4991    0.0584  0.007162         0
     20/99     10.8G   0.04359   0.01037         0   0.05397        10       640    0.8463    0.7032    0.8104    0.4906   0.06257  0.007172         0
     21/99     10.8G    0.0406   0.01045         0   0.05105        14       640    0.8501    0.7002    0.8161    0.4964   0.04775   0.00744         0
     22/99     10.8G   0.04086  0.009936         0    0.0508         6       640    0.8131    0.7505    0.8196     0.502    0.0602  0.007274         0
     23/99     10.8G   0.04188   0.01026         0   0.05214         4       640    0.7878    0.7524    0.8175    0.4625   0.06397  0.006988         0
     24/99     10.8G   0.04122    0.0101         0   0.05132         2       640    0.8546    0.7311    0.8263     0.507   0.06527  0.006877         0
     25/99     10.8G   0.04006  0.009982         0   0.05004         8       640    0.8046    0.7887    0.8362    0.5238   0.06169   0.00699         0
     26/99     10.8G   0.04115   0.01002         0   0.05117         8       640    0.8297    0.7442    0.8243    0.5272   0.06657  0.006715         0
     27/99     10.8G   0.04084   0.01024         0   0.05109         4       640    0.8125    0.7711    0.8418    0.5182   0.06155  0.006833         0
     28/99     10.8G   0.04246   0.01009         0   0.05255         7       640    0.8321    0.7834    0.8373    0.5282   0.06267  0.006765         0
     29/99     10.8G   0.03964   0.00993         0   0.04957         3       640    0.8595    0.7485    0.8411    0.5227   0.05972  0.006906         0
     30/99     10.8G   0.04081  0.009823         0   0.05063         5       640    0.7972     0.791    0.8349    0.5177   0.06357    0.0066         0
     31/99     10.8G   0.03861   0.00995         0   0.04856        15       640    0.8381    0.7718    0.8394    0.5346   0.04831  0.006767         0
     32/99     10.8G   0.03811  0.009697         0    0.0478         6       640    0.8322    0.8279    0.8536    0.5546    0.0504  0.006737         0
     33/99     10.8G   0.03796  0.009639         0    0.0476         5       640    0.8293    0.7988    0.8492    0.5433   0.05126  0.006645         0
     34/99     10.8G   0.03921  0.009728         0   0.04894         3       640    0.8053    0.7762    0.8267    0.5131   0.05491  0.008079         0
     35/99     10.8G   0.03962  0.009563         0   0.04918        10       640    0.8662     0.766    0.8515    0.5469   0.05605  0.006901         0
     36/99     10.8G     0.038  0.009622         0   0.04763         5       640    0.8203    0.8123    0.8619    0.5523   0.05782  0.006514         0
     37/99     10.8G   0.03785  0.009615         0   0.04746         8       640    0.8414    0.7718    0.8547    0.5512    0.0619  0.006538         0
     38/99     10.8G    0.0385  0.009597         0    0.0481         4       640    0.8623    0.7892    0.8642    0.5519   0.06065  0.006473         0
     39/99     10.8G   0.03927  0.009697         0   0.04897         5       640    0.8105    0.8569    0.8702    0.5573   0.05686  0.006673         0
     40/99     10.8G    0.0372  0.009317         0   0.04651         8       640    0.8508    0.8395    0.8779    0.5755   0.05164  0.006625         0
     41/99     10.8G    0.0385  0.009458         0   0.04796        10       640    0.8519    0.8123    0.8772    0.5655   0.06031  0.006544         0
     42/99     10.8G   0.03844  0.009434         0   0.04787         9       640    0.8467    0.8375     0.888    0.5766   0.06199   0.00639         0
     43/99     10.8G   0.03752  0.009245         0   0.04677         5       640    0.8264    0.8472    0.8889    0.5752   0.06165  0.006319         0
     44/99     10.8G   0.03659  0.009283         0   0.04588         9       640    0.8907     0.824    0.8869    0.5814   0.05944  0.006461         0
     45/99     10.8G   0.03686  0.009335         0   0.04619         9       640    0.8458    0.8491    0.8853    0.5693   0.05694  0.006501         0
     46/99     10.8G   0.03663  0.009124         0   0.04575         9       640    0.8629    0.8157    0.8804    0.5836   0.05177  0.006578         0
     47/99     8.09G   0.03704  0.009315         0   0.04636         4       640    0.8531    0.8337    0.8814    0.5772   0.05778   0.00638         0
     48/99     10.8G   0.03654  0.009158         0   0.04569         5       640    0.8729    0.8372    0.8897    0.5867   0.06018  0.006286         0
     49/99     10.8G   0.03689  0.008985         0   0.04587         6       640    0.8435    0.8356    0.8849    0.5852   0.05387  0.006449         0
     50/99     10.8G    0.0362  0.009136         0   0.04534         4       640    0.8629    0.8159    0.8791    0.5853   0.05038  0.006585         0
     51/99     10.8G   0.03635  0.009204         0   0.04555         4       640    0.8458    0.8627    0.8973    0.5992   0.04984  0.006438         0
     52/99     10.8G   0.03541  0.009086         0   0.04449        10       640    0.8527    0.8433    0.8947    0.5877   0.04764  0.006625         0
     53/99     10.8G   0.03603  0.009207         0   0.04524         8       640    0.8929    0.8062    0.8953    0.6013   0.04653  0.006497         0
     54/99     10.8G   0.03523  0.009086         0   0.04432         6       640    0.8897    0.8356    0.9009    0.5948   0.05195  0.006417         0
     55/99     10.8G   0.03587  0.009088         0   0.04496         6       640    0.8765    0.8237    0.8942    0.5937   0.04846  0.006467         0
     56/99     10.8G   0.03454  0.009062         0    0.0436         7       640    0.8229    0.8646    0.8945    0.6014   0.04869  0.006544         0
     57/99     10.8G   0.03525  0.009005         0   0.04425         8       640    0.8544    0.8626    0.8934    0.5967   0.05229  0.006442         0
     58/99     10.8G   0.03521  0.008931         0   0.04414         7       640    0.8567    0.8337    0.8978       0.6   0.04834  0.006484         0
     59/99     10.8G   0.03524  0.008888         0   0.04413         4       640    0.8724    0.8328    0.8919    0.5935   0.04481  0.006608         0
     60/99     10.8G   0.03524   0.00894         0   0.04418        19       640    0.8722    0.8449    0.9041    0.6065   0.05463  0.006318         0
     61/99     10.8G   0.03443  0.008845         0   0.04328         4       640    0.8965    0.8221    0.9035    0.6134   0.05415  0.006327         0
     62/99     10.8G   0.03529  0.008835         0   0.04413         4       640    0.8653    0.8451    0.9015    0.6144   0.05355  0.006436         0
     63/99     10.8G   0.03477  0.008895         0   0.04367         9       640    0.8494    0.8414    0.8969    0.6114   0.05067  0.006432         0
     64/99     10.8G   0.03465  0.008793         0   0.04344         6       640    0.8612    0.8665    0.8999    0.6113   0.05284  0.006411         0
     65/99     10.8G   0.03465  0.008825         0   0.04348         5       640    0.8346    0.8607     0.905    0.6131   0.05533  0.006278         0
     66/99     10.8G   0.03312  0.008694         0   0.04181         4       640    0.8245    0.8743    0.9015    0.6165   0.05391  0.006323         0
     67/99     10.8G   0.03424   0.00882         0   0.04306        10       640    0.8761    0.8549    0.9085    0.6186   0.05222  0.006422         0
     68/99     10.8G   0.03347  0.008965         0   0.04243        14       640    0.8724    0.8337    0.9032    0.6157   0.05132  0.006428         0
     69/99     10.8G   0.03442  0.008495         0   0.04292         6       640    0.8499    0.8685    0.9061    0.6108   0.05056  0.006443         0
     70/99     10.8G   0.03313  0.008735         0   0.04187         4       640    0.8817    0.8375    0.9054    0.6186   0.04977   0.00646         0
     71/99     10.8G   0.03338  0.008528         0   0.04191         2       640    0.8989    0.7969    0.9076    0.6134   0.05151  0.006417         0
     72/99     10.8G   0.03404  0.008606         0   0.04265         8       640    0.8821    0.8394    0.9041     0.607   0.05228  0.006437         0
     73/99     8.09G   0.03276  0.008584         0   0.04134         4       640     0.867    0.8701    0.9117    0.6178   0.05411  0.006449         0
     74/99     10.7G   0.03244  0.008448         0   0.04089         5       640    0.9085    0.8256    0.9106    0.6152   0.05189  0.006506         0
     75/99     10.7G   0.03269  0.008253         0   0.04094         6       640    0.8413    0.8511    0.9071    0.6216   0.05021  0.006477         0
     76/99     10.7G   0.03249  0.008384         0   0.04088         4       640    0.8895    0.8411    0.9113    0.6174   0.05079  0.006464         0
     77/99     10.7G   0.03268  0.008449         0   0.04113         4       640    0.8671    0.8743    0.9136    0.6186   0.05064  0.006504         0
     78/99     10.7G   0.03138  0.008322         0    0.0397        10       640    0.8632    0.8665    0.9066    0.6199   0.05053  0.006551         0
     79/99     10.7G   0.03224  0.008471         0   0.04071         8       640     0.892    0.8472      0.91    0.6151   0.04887  0.006604         0
     80/99     10.7G   0.03147  0.008366         0   0.03983         6       640    0.8835    0.8509    0.9113    0.6233   0.04907  0.006524         0
     81/99     10.7G   0.03182  0.008326         0   0.04015         6       640    0.8658    0.8491    0.9021    0.6206   0.05134  0.006501         0
     82/99     10.7G   0.03084  0.008334         0   0.03917         7       640    0.8851     0.853    0.9072    0.6241    0.0512   0.00649         0
     83/99     10.7G   0.03145  0.008219         0   0.03967         8       640    0.8776    0.8511    0.9047    0.6157   0.04988  0.006569         0
     84/99     10.7G   0.03156  0.008187         0   0.03975         7       640    0.8679    0.8646    0.9052    0.6119   0.05068  0.006488         0
     85/99     10.7G   0.03115  0.008158         0   0.03931         4       640    0.9075    0.8156    0.9073    0.6109   0.05116  0.006528         0
     86/99     10.7G   0.03117  0.008213         0   0.03938        19       640    0.8972    0.8272    0.9053    0.6164   0.05024  0.006541         0
     87/99     10.7G   0.03072  0.008131         0   0.03885         4       640    0.8682    0.8433    0.9021    0.6181   0.04896   0.00659         0
     88/99     10.7G   0.03101  0.008161         0   0.03917         4       640    0.8877    0.8433    0.9071    0.6213    0.0493  0.006563         0
     89/99     10.7G   0.03068  0.008179         0   0.03886         9       640    0.8754    0.8337    0.9002    0.6188   0.04916   0.00662         0
     90/99     10.7G   0.03044  0.008133         0   0.03858         6       640    0.8791    0.8297    0.8975     0.619   0.05048  0.006535         0
     91/99     10.7G    0.0315  0.008217         0   0.03972         5       640    0.8933    0.8256    0.9031     0.622   0.05234  0.006513         0
     92/99     10.7G    0.0299  0.008087         0   0.03798         4       640    0.8594    0.8588    0.9095    0.6165    0.0522  0.006518         0
     93/99     10.7G   0.03084  0.008161         0     0.039        10       640     0.894    0.8162     0.904    0.6201    0.0508  0.006556         0
     94/99     10.7G   0.03034  0.008301         0   0.03864        14       640    0.8621    0.8587    0.9076    0.6212   0.05026  0.006597         0
     95/99     10.7G   0.03078   0.00786         0   0.03864         6       640    0.8511    0.8627    0.9034    0.6188    0.0503  0.006578         0
     96/99     10.7G   0.03003  0.008107         0   0.03814         4       640    0.8516    0.8665     0.905    0.6146   0.04955  0.006548         0
     97/99     10.7G   0.02987  0.007924         0    0.0378         2       640    0.8517    0.8704    0.9035    0.6159   0.05029  0.006584         0
     98/99     10.7G   0.03076  0.008005         0   0.03876         8       640    0.8797    0.8356    0.8988    0.6105   0.05126  0.006603         0
     99/99     10.7G   0.03173  0.008296         0   0.04002         8       640    0.8759    0.8467    0.9006     0.616   0.05038  0.006569         0
