0 0.16947115384615385 0.6574519230769231 0.18629807692307693 0.18509615384615385
0 0.6153846153846154 0.6778846153846154 0.16826923076923078 0.27283653846153844
0 0.6862980769230769 0.4951923076923077 0.16346153846153846 0.140625
0 0.7956730769230769 0.4338942307692308 0.0985576923076923 0.16346153846153846
0 0.8858173076923077 0.38341346153846156 0.15865384615384615 0.23076923076923078
0 0.04807692307692308 0.21033653846153846 0.07932692307692307 0.19230769230769232
0 0.12379807692307693 0.21995192307692307 0.06490384615384616 0.15865384615384615
0 0.171875 0.2091346153846154 0.05048076923076923 0.13822115384615385
0 0.21995192307692307 0.24278846153846154 0.056490384615384616 0.1658653846153846
0 0.28725961538461536 0.25961538461538464 0.046875 0.15865384615384615
0 0.3233173076923077 0.30528846153846156 0.05048076923076923 0.11177884615384616
0 0.2860576923076923 0.5865384615384616 0.12980769230769232 0.2283653846153846
0 0.39903846153846156 0.5024038461538461 0.15745192307692307 0.18269230769230768
0 0.4639423076923077 0.28725961538461536 0.12139423076923077 0.11899038461538461
0 0.4735576923076923 0.39903846153846156 0.1141826923076923 0.1045673076923077