0 0.8305288461538461 0.3425480769230769 0.18629807692307693 0.18509615384615385
0 0.38461538461538464 0.32211538461538464 0.16826923076923078 0.27283653846153844
0 0.3137019230769231 0.5048076923076923 0.16346153846153846 0.140625
0 0.20432692307692307 0.5661057692307693 0.0985576923076923 0.16346153846153846
0 0.1141826923076923 0.6165865384615384 0.15865384615384615 0.23076923076923078
0 0.9519230769230769 0.7896634615384616 0.07932692307692307 0.19230769230769232
0 0.8762019230769231 0.7800480769230769 0.06490384615384616 0.15865384615384615
0 0.828125 0.7908653846153846 0.05048076923076923 0.13822115384615385
0 0.7800480769230769 0.7572115384615384 0.056490384615384616 0.1658653846153846
0 0.7127403846153846 0.7403846153846154 0.046875 0.15865384615384615
0 0.6766826923076923 0.6947115384615384 0.05048076923076923 0.11177884615384616
0 0.7139423076923077 0.41346153846153844 0.12980769230769232 0.2283653846153846
0 0.6009615384615384 0.49759615384615385 0.15745192307692307 0.18269230769230768
0 0.5360576923076923 0.7127403846153846 0.12139423076923077 0.11899038461538461
0 0.5264423076923077 0.6009615384615384 0.1141826923076923 0.1045673076923077