0 0.9338942307692307 0.33653846153846156 0.1201923076923077 0.28365384615384615
0 0.8425480769230769 0.36778846153846156 0.1141826923076923 0.3016826923076923
0 0.7632211538461539 0.4014423076923077 0.08533653846153846 0.2776442307692308
0 0.6802884615384616 0.3918269230769231 0.10576923076923077 0.28125
0 0.5877403846153846 0.3762019230769231 0.09735576923076923 0.296875
0 0.49158653846153844 0.34975961538461536 0.11778846153846154 0.27283653846153844
0 0.4026442307692308 0.390625 0.09495192307692307 0.2776442307692308
0 0.3401442307692308 0.37740384615384615 0.09134615384615384 0.30528846153846156
0 0.2800480769230769 0.4951923076923077 0.1201923076923077 0.3161057692307692
0 0.18389423076923078 0.41346153846153844 0.12620192307692307 0.3125
0 0.10096153846153846 0.36538461538461536 0.09134615384615384 0.3233173076923077
0 0.037259615384615384 0.3401442307692308 0.06971153846153846 0.23798076923076922
0 0.140625 0.8064903846153846 0.25721153846153844 0.29086538461538464