0 0.06610576923076923 0.33653846153846156 0.1201923076923077 0.28365384615384615
0 0.15745192307692307 0.36778846153846156 0.1141826923076923 0.3016826923076923
0 0.23677884615384615 0.4014423076923077 0.08533653846153846 0.2776442307692308
0 0.31971153846153844 0.3918269230769231 0.10576923076923077 0.28125
0 0.41225961538461536 0.3762019230769231 0.09735576923076923 0.296875
0 0.5084134615384616 0.34975961538461536 0.11778846153846154 0.27283653846153844
0 0.5973557692307693 0.390625 0.09495192307692307 0.2776442307692308
0 0.6598557692307693 0.37740384615384615 0.09134615384615384 0.30528846153846156
0 0.7199519230769231 0.4951923076923077 0.1201923076923077 0.3161057692307692
0 0.8161057692307693 0.41346153846153844 0.12620192307692307 0.3125
0 0.8990384615384616 0.36538461538461536 0.09134615384615384 0.3233173076923077
0 0.9627403846153846 0.3401442307692308 0.06971153846153846 0.23798076923076922
0 0.859375 0.8064903846153846 0.25721153846153844 0.29086538461538464