0 0.12620192307692307 0.375 0.1935096153846154 0.35697115384615385
0 0.2127403846153846 0.5 0.1935096153846154 0.37259615384615385
0 0.2800480769230769 0.5793269230769231 0.16105769230769232 0.38341346153846156
0 0.3485576923076923 0.6117788461538461 0.14903846153846154 0.39302884615384615
0 0.42427884615384615 0.6009615384615384 0.1045673076923077 0.40384615384615385
0 0.49158653846153844 0.5961538461538461 0.07692307692307693 0.36177884615384615
0 0.5516826923076923 0.5769230769230769 0.0625 0.3245192307692308
0 0.6057692307692307 0.5528846153846154 0.0625 0.31971153846153844
0 0.6478365384615384 0.5180288461538461 0.04447115384615385 0.27163461538461536
0 0.6802884615384616 0.47596153846153844 0.05048076923076923 0.27163461538461536
0 0.8329326923076923 0.39903846153846156 0.17908653846153846 0.35096153846153844
0 0.7331730769230769 0.39663461538461536 0.07451923076923077 0.15384615384615385