0 0.5390625 0.159375 0.1328125 0.15703125
0 0.20390625 0.52421875 0.1625 0.19296875
0 0.33671875 0.746875 0.16640625 0.234375
0 0.4578125 0.73671875 0.109375 0.30390625
0 0.340625 0.8828125 0.13203125 0.2328125
0 0.71015625 0.66171875 0.24921875 0.13125
0 0.734375 0.75546875 0.24921875 0.22109375
0 0.796875 0.7859375 0.16328125 0.2359375
0 0.83984375 0.2828125 0.13515625 0.23828125
0 0.93828125 0.22421875 0.121875 0.18125
0 0.96171875 0.65 0.075 0.16015625
0 0.4828125 0.42421875 0.15625 0.19375
0 0.32734375 0.34453125 0.1328125 0.140625
0 0.0984375 0.51171875 0.109375 0.2609375